-2 8
7 8
4 14
-3 13
5 5
8 9
0 15
0 13
-1 13
7 10
-1 11
-5 10
-2 0
-3 13
10 14
-3 13
8 14
1 5
-1 7
-4 14
-2 10
-3 9
-2 7
-4 12
-2 13
-3 13
-3 13
9 13
-3 11
-2 10
-2 10
-3 13
-3 11
-2 11
-2 10
-2 12
-2 12
-3 13
-2 11
-2 10
-3 11
-3 12
-3 11
-3 13
-3 12
3 0
-2 11
-3 11
-2 10
2 0
1 4
-3 13
-2 5
5 10
-3 11
-2 11
-2 11
-2 10
9 1
-3 12
9 1
-4 0
-2 2
8 1
-2 1
-3 11
0 0
1 11
6 5
2 13
1 14
9 2
-3 11
-3 10
-3 10
9 1
9 0
-3 10
-3 9
-3 9
-3 12
0 3
-3 13
9 2
7 1
-4 2
9 3
-2 12
9 3
-3 0
-4 5
-2 10
9 14
-4 4
9 1
-3 2
9 2
2 5
3 4
-2 10
-3 12
-3 13
